600 15 15
600 20 20
600 25 25
600 30 30
600 40 40
600 50 50
600 60 60
600 70 70
600 80 80
600 90 90
600 100 100
600 110 110
600 120 120
600 130 130
600 140 140
600 150 150
600 160 160
600 170 170
600 180 180
600 190 190
600 200 200
600 210 210
600 220 220
600 230 230
600 240 240
600 250 250
700 15 15
700 20 20
700 25 25
700 30 30
700 40 40
700 50 50
700 60 60
700 70 70
700 80 80
700 90 90
700 100 100
700 110 110
700 120 120
700 130 130
700 140 140
700 150 150
700 160 160
700 170 170
700 180 180
700 190 190
700 200 200
700 210 210
700 220 220
700 230 230
700 240 240
700 250 250
800 15 15
800 20 20
800 25 25
800 30 30
800 40 40
800 50 50
800 60 60
800 70 70
800 80 80
800 90 90
800 100 100
800 110 110
800 120 120
800 130 130
800 140 140
800 150 150
800 160 160
800 170 170
800 180 180
800 190 190
800 200 200
800 210 210
800 220 220
800 230 230
800 240 240
800 250 250
900 15 15
900 20 20
900 25 25
900 30 30
900 40 40
900 50 50
900 60 60
900 70 70
900 80 80
900 90 90
900 100 100
900 110 110
900 120 120
900 130 130
900 140 140
900 150 150
900 160 160
900 170 170
900 180 180
900 190 190
900 200 200
900 210 210
900 220 220
900 230 230
900 240 240
900 250 250
1000 15 15
1000 20 20
1000 25 25
1000 30 30
1000 40 40
1000 50 50
1000 60 60
1000 70 70
1000 80 80
1000 90 90
1000 100 100
1000 110 110
1000 120 120
1000 130 130
1000 140 140
1000 150 150
1000 160 160
1000 170 170
1000 180 180
1000 190 190
1000 200 200
1000 210 210
1000 220 220
1000 230 230
1000 240 240
1000 250 250
1100 15 15
1100 20 20
1100 25 25
1100 30 30
1100 40 40
1100 50 50
1100 60 60
1100 70 70
1100 80 80
1100 90 90
1100 100 100
1100 110 110
1100 120 120
1100 130 130
1100 140 140
1100 150 150
1100 160 160
1100 170 170
1100 180 180
1100 190 190
1100 200 200
1100 210 210
1100 220 220
1100 230 230
1100 240 240
1100 250 250
1200 15 15
1200 20 20
1200 25 25
1200 30 30
1200 40 40
1200 50 50
1200 60 60
1200 70 70
1200 80 80
1200 90 90
1200 100 100
1200 110 110
1200 120 120
1200 130 130
1200 140 140
1200 150 150
1200 160 160
1200 170 170
1200 180 180
1200 190 190
1200 200 200
1200 210 210
1200 220 220
1200 230 230
1200 240 240
1200 250 250
1300 15 15
1300 20 20
1300 25 25
1300 30 30
1300 40 40
1300 50 50
1300 60 60
1300 70 70
1300 80 80
1300 90 90
1300 100 100
1300 110 110
1300 120 120
1300 130 130
1300 140 140
1300 150 150
1300 160 160
1300 170 170
1300 180 180
1300 190 190
1300 200 200
1300 210 210
1300 220 220
1300 230 230
1300 240 240
1300 250 250
1400 15 15
1400 20 20
1400 25 25
1400 30 30
1400 40 40
1400 50 50
1400 60 60
1400 70 70
1400 80 80
1400 90 90
1400 100 100
1400 110 110
1400 120 120
1400 130 130
1400 140 140
1400 150 150
1400 160 160
1400 170 170
1400 180 180
1400 190 190
1400 200 200
1400 210 210
1400 220 220
1400 230 230
1400 240 240
1400 250 250
1500 15 15
1500 20 20
1500 25 25
1500 30 30
1500 40 40
1500 50 50
1500 60 60
1500 70 70
1500 80 80
1500 90 90
1500 100 100
1500 110 110
1500 120 120
1500 130 130
1500 140 140
1500 150 150
1500 160 160
1500 170 170
1500 180 180
1500 190 190
1500 200 200
1500 210 210
1500 220 220
1500 230 230
1500 240 240
1500 250 250
1600 15 15
1600 20 20
1600 25 25
1600 30 30
1600 40 40
1600 50 50
1600 60 60
1600 70 70
1600 80 80
1600 90 90
1600 100 100
1600 110 110
1600 120 120
1600 130 130
1600 140 140
1600 150 150
1600 160 160
1600 170 170
1600 180 180
1600 190 190
1600 200 200
1600 210 210
1600 220 220
1600 230 230
1600 240 240
1600 250 250
1700 15 15
1700 20 20
1700 25 25
1700 30 30
1700 40 40
1700 50 50
1700 60 60
1700 70 70
1700 80 80
1700 90 90
1700 100 100
1700 110 110
1700 120 120
1700 130 130
1700 140 140
1700 150 150
1700 160 160
1700 170 170
1700 180 180
1700 190 190
1700 200 200
1700 210 210
1700 220 220
1700 230 230
1700 240 240
1700 250 250
1800 15 15
1800 20 20
1800 25 25
1800 30 30
1800 40 40
1800 50 50
1800 60 60
1800 70 70
1800 80 80
1800 90 90
1800 100 100
1800 110 110
1800 120 120
1800 130 130
1800 140 140
1800 150 150
1800 160 160
1800 170 170
1800 180 180
1800 190 190
1800 200 200
1800 210 210
1800 220 220
1800 230 230
1800 240 240
1800 250 250
1900 15 15
1900 20 20
1900 25 25
1900 30 30
1900 40 40
1900 50 50
1900 60 60
1900 70 70
1900 80 80
1900 90 90
1900 100 100
1900 110 110
1900 120 120
1900 130 130
1900 140 140
1900 150 150
1900 160 160
1900 170 170
1900 180 180
1900 190 190
1900 200 200
1900 210 210
1900 220 220
1900 230 230
1900 240 240
1900 250 250
2000 15 15
2000 20 20
2000 25 25
2000 30 30
2000 40 40
2000 50 50
2000 60 60
2000 70 70
2000 80 80
2000 90 90
2000 100 100
2000 110 110
2000 120 120
2000 130 130
2000 140 140
2000 150 150
2000 160 160
2000 170 170
2000 180 180
2000 190 190
2000 200 200
2000 210 210
2000 220 220
2000 230 230
2000 240 240
2000 250 250
2100 15 15
2100 20 20
2100 25 25
2100 30 30
2100 40 40
2100 50 50
2100 60 60
2100 70 70
2100 80 80
2100 90 90
2100 100 100
2100 110 110
2100 120 120
2100 130 130
2100 140 140
2100 150 150
2100 160 160
2100 170 170
2100 180 180
2100 190 190
2100 200 200
2100 210 210
2100 220 220
2100 230 230
2100 240 240
2100 250 250
2200 15 15
2200 20 20
2200 25 25
2200 30 30
2200 40 40
2200 50 50
2200 60 60
2200 70 70
2200 80 80
2200 90 90
2200 100 100
2200 110 110
2200 120 120
2200 130 130
2200 140 140
2200 150 150
2200 160 160
2200 170 170
2200 180 180
2200 190 190
2200 200 200
2200 210 210
2200 220 220
2200 230 230
2200 240 240
2200 250 250
2300 15 15
2300 20 20
2300 25 25
2300 30 30
2300 40 40
2300 50 50
2300 60 60
2300 70 70
2300 80 80
2300 90 90
2300 100 100
2300 110 110
2300 120 120
2300 130 130
2300 140 140
2300 150 150
2300 160 160
2300 170 170
2300 180 180
2300 190 190
2300 200 200
2300 210 210
2300 220 220
2300 230 230
2300 240 240
2300 250 250
2400 15 15
2400 20 20
2400 25 25
2400 30 30
2400 40 40
2400 50 50
2400 60 60
2400 70 70
2400 80 80
2400 90 90
2400 100 100
2400 110 110
2400 120 120
2400 130 130
2400 140 140
2400 150 150
2400 160 160
2400 170 170
2400 180 180
2400 190 190
2400 200 200
2400 210 210
2400 220 220
2400 230 230
2400 240 240
2400 250 250
2500 15 15
2500 20 20
2500 25 25
2500 30 30
2500 40 40
2500 50 50
2500 60 60
2500 70 70
2500 80 80
2500 90 90
2500 100 100
2500 110 110
2500 120 120
2500 130 130
2500 140 140
2500 150 150
2500 160 160
2500 170 170
2500 180 180
2500 190 190
2500 200 200
2500 210 210
2500 220 220
2500 230 230
2500 240 240
2500 250 250
2600 15 15
2600 20 20
2600 25 25
2600 30 30
2600 40 40
2600 50 50
2600 60 60
2600 70 70
2600 80 80
2600 90 90
2600 100 100
2600 110 110
2600 120 120
2600 130 130
2600 140 140
2600 150 150
2600 160 160
2600 170 170
2600 180 180
2600 190 190
2600 200 200
2600 210 210
2600 220 220
2600 230 230
2600 240 240
2600 250 250
2700 15 15
2700 20 20
2700 25 25
2700 30 30
2700 40 40
2700 50 50
2700 60 60
2700 70 70
2700 80 80
2700 90 90
2700 100 100
2700 110 110
2700 120 120
2700 130 130
2700 140 140
2700 150 150
2700 160 160
2700 170 170
2700 180 180
2700 190 190
2700 200 200
2700 210 210
2700 220 220
2700 230 230
2700 240 240
2700 250 250
2800 15 15
2800 20 20
2800 25 25
2800 30 30
2800 40 40
2800 50 50
2800 60 60
2800 70 70
2800 80 80
2800 90 90
2800 100 100
2800 110 110
2800 120 120
2800 130 130
2800 140 140
2800 150 150
2800 160 160
2800 170 170
2800 180 180
2800 190 190
2800 200 200
2800 210 210
2800 220 220
2800 230 230
2800 240 240
2800 250 250
2900 15 15
2900 20 20
2900 25 25
2900 30 30
2900 40 40
2900 50 50
2900 60 60
2900 70 70
2900 80 80
2900 90 90
2900 100 100
2900 110 110
2900 120 120
2900 130 130
2900 140 140
2900 150 150
2900 160 160
2900 170 170
2900 180 180
2900 190 190
2900 200 200
2900 210 210
2900 220 220
2900 230 230
2900 240 240
2900 250 250
3000 15 15
3000 20 20
3000 25 25
3000 30 30
3000 40 40
3000 50 50
3000 60 60
3000 70 70
3000 80 80
3000 90 90
3000 100 100
3000 110 110
3000 120 120
3000 130 130
3000 140 140
3000 150 150
3000 160 160
3000 170 170
3000 180 180
3000 190 190
3000 200 200
3000 210 210
3000 220 220
3000 230 230
3000 240 240
3000 250 250
3100 15 15
3100 20 20
3100 25 25
3100 30 30
3100 40 40
3100 50 50
3100 60 60
3100 70 70
3100 80 80
3100 90 90
3100 100 100
3100 110 110
3100 120 120
3100 130 130
3100 140 140
3100 150 150
3100 160 160
3100 170 170
3100 180 180
3100 190 190
3100 200 200
3100 210 210
3100 220 220
3100 230 230
3100 240 240
3100 250 250
3200 15 15
3200 20 20
3200 25 25
3200 30 30
3200 40 40
3200 50 50
3200 60 60
3200 70 70
3200 80 80
3200 90 90
3200 100 100
3200 110 110
3200 120 120
3200 130 130
3200 140 140
3200 150 150
3200 160 160
3200 170 170
3200 180 180
3200 190 190
3200 200 200
3200 210 210
3200 220 220
3200 230 230
3200 240 240
3200 250 250
3300 15 15
3300 20 20
3300 25 25
3300 30 30
3300 40 40
3300 50 50
3300 60 60
3300 70 70
3300 80 80
3300 90 90
3300 100 100
3300 110 110
3300 120 120
3300 130 130
3300 140 140
3300 150 150
3300 160 160
3300 170 170
3300 180 180
3300 190 190
3300 200 200
3300 210 210
3300 220 220
3300 230 230
3300 240 240
3300 250 250
3400 15 15
3400 20 20
3400 25 25
3400 30 30
3400 40 40
3400 50 50
3400 60 60
3400 70 70
3400 80 80
3400 90 90
3400 100 100
3400 110 110
3400 120 120
3400 130 130
3400 140 140
3400 150 150
3400 160 160
3400 170 170
3400 180 180
3400 190 190
3400 200 200
3400 210 210
3400 220 220
3400 230 230
3400 240 240
3400 250 250
3500 15 15
3500 20 20
3500 25 25
3500 30 30
3500 40 40
3500 50 50
3500 60 60
3500 70 70
3500 80 80
3500 90 90
3500 100 100
3500 110 110
3500 120 120
3500 130 130
3500 140 140
3500 150 150
3500 160 160
3500 170 170
3500 180 180
3500 190 190
3500 200 200
3500 210 210
3500 220 220
3500 230 230
3500 240 240
3500 250 250
3600 15 15
3600 20 20
3600 25 25
3600 30 30
3600 40 40
3600 50 50
3600 60 60
3600 70 70
3600 80 80
3600 90 90
3600 100 100
3600 110 110
3600 120 120
3600 130 130
3600 140 140
3600 150 150
3600 160 160
3600 170 170
3600 180 180
3600 190 190
3600 200 200
3600 210 210
3600 220 220
3600 230 230
3600 240 240
3600 250 250
3700 15 15
3700 20 20
3700 25 25
3700 30 30
3700 40 40
3700 50 50
3700 60 60
3700 70 70
3700 80 80
3700 90 90
3700 100 100
3700 110 110
3700 120 120
3700 130 130
3700 140 140
3700 150 150
3700 160 160
3700 170 170
3700 180 180
3700 190 190
3700 200 200
3700 210 210
3700 220 220
3700 230 230
3700 240 240
3700 250 250
3800 15 15
3800 20 20
3800 25 25
3800 30 30
3800 40 40
3800 50 50
3800 60 60
3800 70 70
3800 80 80
3800 90 90
3800 100 100
3800 110 110
3800 120 120
3800 130 130
3800 140 140
3800 150 150
3800 160 160
3800 170 170
3800 180 180
3800 190 190
3800 200 200
3800 210 210
3800 220 220
3800 230 230
3800 240 240
3800 250 250
3900 15 15
3900 20 20
3900 25 25
3900 30 30
3900 40 40
3900 50 50
3900 60 60
3900 70 70
3900 80 80
3900 90 90
3900 100 100
3900 110 110
3900 120 120
3900 130 130
3900 140 140
3900 150 150
3900 160 160
3900 170 170
3900 180 180
3900 190 190
3900 200 200
3900 210 210
3900 220 220
3900 230 230
3900 240 240
3900 250 250
4000 15 15
4000 20 20
4000 25 25
4000 30 30
4000 40 40
4000 50 50
4000 60 60
4000 70 70
4000 80 80
4000 90 90
4000 100 100
4000 110 110
4000 120 120
4000 130 130
4000 140 140
4000 150 150
4000 160 160
4000 170 170
4000 180 180
4000 190 190
4000 200 200
4000 210 210
4000 220 220
4000 230 230
4000 240 240
4000 250 250
4100 15 15
4100 20 20
4100 25 25
4100 30 30
4100 40 40
4100 50 50
4100 60 60
4100 70 70
4100 80 80
4100 90 90
4100 100 100
4100 110 110
4100 120 120
4100 130 130
4100 140 140
4100 150 150
4100 160 160
4100 170 170
4100 180 180
4100 190 190
4100 200 200
4100 210 210
4100 220 220
4100 230 230
4100 240 240
4100 250 250
4200 15 15
4200 20 20
4200 25 25
4200 30 30
4200 40 40
4200 50 50
4200 60 60
4200 70 70
4200 80 80
4200 90 90
4200 100 100
4200 110 110
4200 120 120
4200 130 130
4200 140 140
4200 150 150
4200 160 160
4200 170 170
4200 180 180
4200 190 190
4200 200 200
4200 210 210
4200 220 220
4200 230 230
4200 240 240
4200 250 250
4300 15 15
4300 20 20
4300 25 25
4300 30 30
4300 40 40
4300 50 50
4300 60 60
4300 70 70
4300 80 80
4300 90 90
4300 100 100
4300 110 110
4300 120 120
4300 130 130
4300 140 140
4300 150 150
4300 160 160
4300 170 170
4300 180 180
4300 190 190
4300 200 200
4300 210 210
4300 220 220
4300 230 230
4300 240 240
4300 250 250
4400 15 15
4400 20 20
4400 25 25
4400 30 30
4400 40 40
4400 50 50
4400 60 60
4400 70 70
4400 80 80
4400 90 90
4400 100 100
4400 110 110
4400 120 120
4400 130 130
4400 140 140
4400 150 150
4400 160 160
4400 170 170
4400 180 180
4400 190 190
4400 200 200
4400 210 210
4400 220 220
4400 230 230
4400 240 240
4400 250 250
4500 15 15
4500 20 20
4500 25 25
4500 30 30
4500 40 40
4500 50 50
4500 60 60
4500 70 70
4500 80 80
4500 90 90
4500 100 100
4500 110 110
4500 120 120
4500 130 130
4500 140 140
4500 150 150
4500 160 160
4500 170 170
4500 180 180
4500 190 190
4500 200 200
4500 210 210
4500 220 220
4500 230 230
4500 240 240
4500 250 250
4600 15 15
4600 20 20
4600 25 25
4600 30 30
4600 40 40
4600 50 50
4600 60 60
4600 70 70
4600 80 80
4600 90 90
4600 100 100
4600 110 110
4600 120 120
4600 130 130
4600 140 140
4600 150 150
4600 160 160
4600 170 170
4600 180 180
4600 190 190
4600 200 200
4600 210 210
4600 220 220
4600 230 230
4600 240 240
4600 250 250
4700 15 15
4700 20 20
4700 25 25
4700 30 30
4700 40 40
4700 50 50
4700 60 60
4700 70 70
4700 80 80
4700 90 90
4700 100 100
4700 110 110
4700 120 120
4700 130 130
4700 140 140
4700 150 150
4700 160 160
4700 170 170
4700 180 180
4700 190 190
4700 200 200
4700 210 210
4700 220 220
4700 230 230
4700 240 240
4700 250 250
4800 15 15
4800 20 20
4800 25 25
4800 30 30
4800 40 40
4800 50 50
4800 60 60
4800 70 70
4800 80 80
4800 90 90
4800 100 100
4800 110 110
4800 120 120
4800 130 130
4800 140 140
4800 150 150
4800 160 160
4800 170 170
4800 180 180
4800 190 190
4800 200 200
4800 210 210
4800 220 220
4800 230 230
4800 240 240
4800 250 250
4900 15 15
4900 20 20
4900 25 25
4900 30 30
4900 40 40
4900 50 50
4900 60 60
4900 70 70
4900 80 80
4900 90 90
4900 100 100
4900 110 110
4900 120 120
4900 130 130
4900 140 140
4900 150 150
4900 160 160
4900 170 170
4900 180 180
4900 190 190
4900 200 200
4900 210 210
4900 220 220
4900 230 230
4900 240 240
4900 250 250
5000 15 15
5000 20 20
5000 25 25
5000 30 30
5000 40 40
5000 50 50
5000 60 60
5000 70 70
5000 80 80
5000 90 90
5000 100 100
5000 110 110
5000 120 120
5000 130 130
5000 140 140
5000 150 150
5000 160 160
5000 170 170
5000 180 180
5000 190 190
5000 200 200
5000 210 210
5000 220 220
5000 230 230
5000 240 240
5000 250 250
5100 15 15
5100 20 20
5100 25 25
5100 30 30
5100 40 40
5100 50 50
5100 60 60
5100 70 70
5100 80 80
5100 90 90
5100 100 100
5100 110 110
5100 120 120
5100 130 130
5100 140 140
5100 150 150
5100 160 160
5100 170 170
5100 180 180
5100 190 190
5100 200 200
5100 210 210
5100 220 220
5100 230 230
5100 240 240
5100 250 250
5200 15 15
5200 20 20
5200 25 25
5200 30 30
5200 40 40
5200 50 50
5200 60 60
5200 70 70
5200 80 80
5200 90 90
5200 100 100
5200 110 110
5200 120 120
5200 130 130
5200 140 140
5200 150 150
5200 160 160
5200 170 170
5200 180 180
5200 190 190
5200 200 200
5200 210 210
5200 220 220
5200 230 230
5200 240 240
5200 250 250
5300 15 15
5300 20 20
5300 25 25
5300 30 30
5300 40 40
5300 50 50
5300 60 60
5300 70 70
5300 80 80
5300 90 90
5300 100 100
5300 110 110
5300 120 120
5300 130 130
5300 140 140
5300 150 150
5300 160 160
5300 170 170
5300 180 180
5300 190 190
5300 200 200
5300 210 210
5300 220 220
5300 230 230
5300 240 240
5300 250 250
5400 15 15
5400 20 20
5400 25 25
5400 30 30
5400 40 40
5400 50 50
5400 60 60
5400 70 70
5400 80 80
5400 90 90
5400 100 100
5400 110 110
5400 120 120
5400 130 130
5400 140 140
5400 150 150
5400 160 160
5400 170 170
5400 180 180
5400 190 190
5400 200 200
5400 210 210
5400 220 220
5400 230 230
5400 240 240
5400 250 250
5500 15 15
5500 20 20
5500 25 25
5500 30 30
5500 40 40
5500 50 50
5500 60 60
5500 70 70
5500 80 80
5500 90 90
5500 100 100
5500 110 110
5500 120 120
5500 130 130
5500 140 140
5500 150 150
5500 160 160
5500 170 170
5500 180 180
5500 190 190
5500 200 200
5500 210 210
5500 220 220
5500 230 230
5500 240 240
5500 250 250
5600 15 15
5600 20 20
5600 25 25
5600 30 30
5600 40 40
5600 50 50
5600 60 60
5600 70 70
5600 80 80
5600 90 90
5600 100 100
5600 110 110
5600 120 120
5600 130 130
5600 140 140
5600 150 150
5600 160 160
5600 170 170
5600 180 180
5600 190 190
5600 200 200
5600 210 210
5600 220 220
5600 230 230
5600 240 240
5600 250 250
5700 15 15
5700 20 20
5700 25 25
5700 30 30
5700 40 40
5700 50 50
5700 60 60
5700 70 70
5700 80 80
5700 90 90
5700 100 100
5700 110 110
5700 120 120
5700 130 130
5700 140 140
5700 150 150
5700 160 160
5700 170 170
5700 180 180
5700 190 190
5700 200 200
5700 210 210
5700 220 220
5700 230 230
5700 240 240
5700 250 250
5800 15 15
5800 20 20
5800 25 25
5800 30 30
5800 40 40
5800 50 50
5800 60 60
5800 70 70
5800 80 80
5800 90 90
5800 100 100
5800 110 110
5800 120 120
5800 130 130
5800 140 140
5800 150 150
5800 160 160
5800 170 170
5800 180 180
5800 190 190
5800 200 200
5800 210 210
5800 220 220
5800 230 230
5800 240 240
5800 250 250
5900 15 15
5900 20 20
5900 25 25
5900 30 30
5900 40 40
5900 50 50
5900 60 60
5900 70 70
5900 80 80
5900 90 90
5900 100 100
5900 110 110
5900 120 120
5900 130 130
5900 140 140
5900 150 150
5900 160 160
5900 170 170
5900 180 180
5900 190 190
5900 200 200
5900 210 210
5900 220 220
5900 230 230
5900 240 240
5900 250 250
